000000000001111111110000000000
000000000001111111110000000000
000000000001111111111100000000
000000000001111111111100000000
000000000111111111111100000000
000000000111111111111100000000
000000000111110001111100000000
000000000111110001111100000000
000000000111110001111111100000
000000000111110001111111100000
000000111110000000001111100000
000000111110000000001111100000
000000111110000000001111100000
000000111110000000001111100000
000000111111111111111111111100
000000111111111111111111111100
000111111111111111111111111100
000111111111111111111111111100
000111111000000000000011111100
000111111000000000000011111100
000111111000000000000011111111
000111111000000000000011111111
111111111000000000000000011111
111111111000000000000000011111
000000000000000000000000000000
000000000000000000000000000000
000000000000000000000000000000
000000000000000000000000000000
000000000000000000000000000000
000000000000000000000000000000

