000000000000000000000000000000
000000000000000000000000000000
000000000000000000000000000000
000000000000000000000000000000
000000000000000000000000000000
111111000000111111000000001111
111111000000111111000000001111
001111000000111111000000111111
001111000000111111000000111111
001111000000111111110000111111
001111110000111111110000111100
001111110000111111110000111100
000011110011111111110000111100
000011110011111111110000111100
000011110011110011110011111100
000011111111110011111111110000
000011111111110011111111110000
000011111111110000111111110000
000011111111110000111111110000
000000111111110000111111110000
000000111111000000111111110000
000000111111000000111111110000
000000111111000000111111000000
000000111111000000111111000000
000000000000000000000000000000
000000000000000000000000000000
000000000000000000000000000000
000000000000000000000000000000
000000000000000000000000000000
000000000000000000000000000000

