000000000000000000000000000000
000000000000000000000000000000
000000000000000000000000000000
000000000000000000000000000000
000000000000000000000000000000
111111111111111111111111111111
111111111111111111111111111111
111111111111111111111111111111
111111111111111111111111111111
000000000000000111111111111111
000000000000000111111111111000
000000000000000111111111111000
000000000000111111111110000000
000000000000111111111110000000
000000001111111111111110000000
000000001111111111100000000000
000000001111111111100000000000
000011111111111000000000000000
000011111111111000000000000000
111111111111111000000000000000
111111111111111111111111111111
111111111111111111111111111111
111111111111111111111111111111
111111111111111111111111111111
000000000000000000000000000000
000000000000000000000000000000
000000000000000000000000000000
000000000000000000000000000000
000000000000000000000000000000
000000000000000000000000000000

