000000000011111111000000000000
000000000011111111000000000000
000000000011111111110000000000
000000000011111111110000000000
000000000011111111110000000000
000000001111111111110000000000
000000001111111111110000000000
000000001111110011111100000000
000000111111000011111100000000
000000111111000011111100000000
000000111111000000111111000000
000000111111000000111111000000
000000111111000000111111000000
000011111100000000111111000000
000011111100000000111111000000
000011111111111111111111110000
000011111111111111111111110000
000011111111111111111111110000
001111111111111111111111111100
001111110000000000000011111100
001111110000000000000011111100
001111110000000000000011111100
001111110000000000000011111100
111111000000000000000011111111
000000000000000000000000000000
000000000000000000000000000000
000000000000000000000000000000
000000000000000000000000000000
000000000000000000000000000000
000000000000000000000000000000

