111111111111111111111110000000
111111111111111111111110000000
111111111111111111111111100000
111111111111111111111111100000
111111111111111111111111111100
111111110000000000001111111111
111111110000000000001111111111
111111110000000000000001111111
111111110000000000000001111111
111111110000000000000001111111
111111110000000000000000011111
111111110000000000000000011111
111111110000000000000000011111
111111110000000000000000011111
111111110000000000000000011111
111111110000000000000001111111
111111110000000000000001111111
111111110000000000000001111111
111111110000000000001111111111
111111111111111111111111111100
111111111111111111111111111100
111111111111111111111111100000
111111111111111111111111100000
111111111111111111111110000000
000000000000000000000000000000
000000000000000000000000000000
000000000000000000000000000000
000000000000000000000000000000
000000000000000000000000000000
000000000000000000000000000000

