111111110000000000000001111111
111111110000000000000001111111
111111110000000000000001111111
111111110000000000000001111111
111111110000000000000001111111
111111110000000000000001111111
111111110000000000000001111111
111111110000000000000001111111
111111110000000000000001111111
111111110000000000000001111111
111111111111111111111111111111
111111111111111111111111111111
111111111111111111111111111111
111111111111111111111111111111
111111111111111111111111111111
111111110000000000000001111111
111111110000000000000001111111
111111110000000000000001111111
111111110000000000000001111111
111111110000000000000001111111
111111110000000000000001111111
111111110000000000000001111111
111111110000000000000001111111
111111110000000000000001111111
000000000000000000000000000000
000000000000000000000000000000
000000000000000000000000000000
000000000000000000000000000000
000000000000000000000000000000
000000000000000000000000000000

