111110000000000000011111111100
111110000000000000011111111100
111110000000000001111111110000
111110000000000001111111110000
111110000000001111111111000000
111110000000111111111000000000
111110000000111111111000000000
111110000011111111100000000000
111110011111111110000000000000
111110011111111110000000000000
111111111111111111100000000000
111111111111111111100000000000
111111111111111111100000000000
111111111100001111111000000000
111111111100001111111000000000
111111100000001111111111000000
111111100000000001111111000000
111111100000000001111111000000
111110000000000001111111110000
111110000000000000011111110000
111110000000000000011111110000
111110000000000000011111111100
111110000000000000011111111100
111110000000000000000111111111
000000000000000000000000000000
000000000000000000000000000000
000000000000000000000000000000
000000000000000000000000000000
000000000000000000000000000000
000000000000000000000000000000

