111111111000000000000011111111
111111111000000000000011111111
111111111110000000001111111111
111111111110000000001111111111
111111111110000000001111111111
111111111110000000001111111111
111111111110000000001111111111
111111111110000000001111111111
111111100111100000111111111111
111111100111100000111111111111
111111100111100000111100111111
111111100111100000111100111111
111111100111100000111100111111
111111100111111000111100111111
111111100111111000111100111111
111111100111111111111100111111
111111100001111111110000111111
111111100001111111110000111111
111111100001111111110000001111
111110000001111111110000001111
111110000001111111110000001111
111110000001111111110000001111
111110000001111111110000001111
111110000000011111000000001111
000000000000000000000000000000
000000000000000000000000000000
000000000000000000000000000000
000000000000000000000000000000
000000000000000000000000000000
000000000000000000000000000000

