111111110000000000000001111111
111111110000000000000001111111
111111111100000000000001111111
111111111100000000000001111111
111111111100000000000001111111
111111111111100000000001111111
111111111111100000000001111111
111111111111111000000001111111
111111111111111000000001111111
111111111111111000000001111111
111111110011111111000001111111
111111110011111111000001111111
111111110011111111000001111111
111111110000011111110001111111
111111110000011111110001111111
111111110000011111111111111111
111111110000000111111111111111
111111110000000111111111111111
111111110000000000111111111111
111111110000000000111111111111
111111110000000000111111111111
111111110000000000001111111111
111111110000000000001111111111
111111110000000000001111111111
000000000000000000000000000000
000000000000000000000000000000
000000000000000000000000000000
000000000000000000000000000000
000000000000000000000000000000
000000000000000000000000000000

