111111111111111111111111100000
111111111111111111111111100000
111111111111111111111111111100
111111111111111111111111111100
111111111111111111111111111111
111111000000000000000011111111
111111000000000000000011111111
111111000000000000000011111111
111111000000000000000011111111
111111000000000000000011111111
111111111111111111111111111111
111111111111111111111111111111
111111111111111111111111111100
111111111111111111111100000000
111111111111111111111100000000
111111000000000000000000000000
111111000000000000000000000000
111111000000000000000000000000
111111000000000000000000000000
111111000000000000000000000000
111111000000000000000000000000
111111000000000000000000000000
111111000000000000000000000000
111111000000000000000000000000
000000000000000000000000000000
000000000000000000000000000000
000000000000000000000000000000
000000000000000000000000000000
000000000000000000000000000000
000000000000000000000000000000

