111111111000000000001111111111
111111111000000000001111111111
111111111000000000001111111111
111111111000000000001111111111
111111111110000000001111111111
111111111110000000001111111111
111111111110000000001111111111
111111111110000000001111111111
111111111110000001111100011111
111111111110000001111100011111
111111000110000001111100011111
111111000110000001111100011111
111111000111110001111100011111
111111000111110001111100011111
111111000111111111110000011111
111111000111111111110000011111
111111000111111111110000011111
111111000111111111110000011111
111111000001111111110000011111
111111000001111111110000011111
111111000001111111110000011111
111111000001111111110000011111
111111000001111110000000011111
111111000001111110000000011111
000000000000000000000000000000
000000000000000000000000000000
000000000000000000000000000000
000000000000000000000000000000
000000000000000000000000000000
000000000000000000000000000000

