000000000111111111111100000000
000000000111111111111100000000
000001111111111111111111000000
000001111111111111111111000000
000111111111111111111111110000
111111111000000000001111111100
111111111000000000001111111100
111111100000000000000011111100
111111100000000000000000111111
111111100000000000000000111111
111110000000000000000000111111
111110000000000000000000111111
111110000000000000000000111111
111110000000000000000000111111
111110000000000000000000111111
111111100000000111000000111111
111111100000011111111111111100
111111100000011111111111111100
111111111000000111111111111100
000111111111111111111111110000
000111111111111111111111110000
000001111111111111111111111100
000001111111111111111111111100
000000000111111111111111111111
000000000000000000000000001111
000000000000000000000000001111
000000000000000000000000000000
000000000000000000000000000000
000000000000000000000000000000
000000000000000000000000000000

