111111111111111111111111000000
111111111111111111111111000000
111111111111111111111111110000
111111111111111111111111110000
111111111111111111111111111100
111111100000000000000111111100
111111100000000000000111111100
111111100000000000000111111100
111111100000000000000111111100
111111100000000000000111111100
111111111111111111111111111100
111111111111111111111111111100
111111111111111111111111110000
111111111111111111111000000000
111111111111111111111000000000
111111100000001111111111000000
111111100000000001111111110000
111111100000000001111111110000
111111100000000000011111110000
111111100000000000011111111100
111111100000000000011111111100
111111100000000000000111111111
111111100000000000000111111111
111111100000000000000000111111
000000000000000000000000000000
000000000000000000000000000000
000000000000000000000000000000
000000000000000000000000000000
000000000000000000000000000000
000000000000000000000000000000

