111111110000000000000001111111
111111110000000000000001111111
111111110000000000000001111111
111111110000000000000001111111
111111110000000000000001111111
111111110000000000000001111111
111111110000000000000001111111
111111110000000000000001111111
111111110000000000000001111111
111111110000000000000001111111
111111110000000000000001111111
111111110000000000000001111111
111111110000000000000001111111
111111110000000000000001111111
111111110000000000000001111111
111111110000000000000001111111
111111110000000000000001111111
111111110000000000000001111111
111111111100000000001111111100
111111111111111111111111111100
111111111111111111111111111100
000111111111111111111111100000
000111111111111111111111100000
000000001111111111111110000000
000000000000000000000000000000
000000000000000000000000000000
000000000000000000000000000000
000000000000000000000000000000
000000000000000000000000000000
000000000000000000000000000000

