111111100000000000000000111111
111111100000000000000000111111
000111111000000000000011111100
000111111000000000000011111100
000111111000000000000011111100
000111111000000000000011111100
000111111000000000000011111100
000001111110000000001111110000
000001111110000000001111110000
000001111110000000001111110000
000001111111100000001111110000
000001111111100000001111110000
000000011111100000111111000000
000000011111100000111111000000
000000011111100000111111000000
000000011111111000111111000000
000000000111111111111100000000
000000000111111111111100000000
000000000111111111111100000000
000000000111111111110000000000
000000000111111111110000000000
000000000001111111110000000000
000000000001111111110000000000
000000000001111111110000000000
000000000000000000000000000000
000000000000000000000000000000
000000000000000000000000000000
000000000000000000000000000000
000000000000000000000000000000
000000000000000000000000000000

