111110000000011111000000001111
111110000000011111000000001111
111110000000111111100000001111
111110000000111111100000001111
111110000000111111100000001111
111110000000111111100000001110
111110000000111111100000001110
001111100011111111100000111110
001111100011111011111000111110
001111100011111011111000111110
001111100011111011111000111110
001111100011111011111000111110
001111100011100011111000111000
000011101111100000111001111000
000011101111100000111001111000
000011111111100000111111111000
000011111111100000111111111000
000011111111100000111111111000
000011111111000000011111111000
000011111111000000011111110000
000011111111000000011111110000
000001111111000000011111110000
000001111111000000011111110000
000001111100000000011111110000
000000000000000000000000000000
000000000000000000000000000000
000000000000000000000000000000
000000000000000000000000000000
000000000000000000000000000000
000000000000000000000000000000

