000111111000000000001111111100
000111111000000000001111111100
000001111110000000001111110000
000001111110000000001111110000
000001111111100000111111110000
000000011111100000111111000000
000000011111100000111111000000
000000000111111111111100000000
000000000111111111111100000000
000000000111111111111100000000
000000000001111111110000000000
000000000001111111110000000000
000000000001111111110000000000
000000000111111111111100000000
000000000111111111111100000000
000000000111111111111100000000
000000011111111111111111000000
000000011111111111111111000000
000001111111100000111111110000
000001111110000000001111110000
000001111110000000001111110000
000111111110000000001111111100
000111111110000000001111111100
111111111000000000000011111111
000000000000000000000000000000
000000000000000000000000000000
000000000000000000000000000000
000000000000000000000000000000
000000000000000000000000000000
000000000000000000000000000000

