111111100000000000000000111111
111111100000000000000000111111
111111111100000000000111111100
111111111100000000000111111100
000111111100000000000111111100
000001111111000000011111110000
000001111111000000011111110000
000001111111110001111111110000
000000011111110001111111000000
000000011111110001111111000000
000000000011111111111000000000
000000000011111111111000000000
000000000011111111111000000000
000000000000111111100000000000
000000000000111111100000000000
000000000000111111100000000000
000000000000111111100000000000
000000000000111111100000000000
000000000000111111100000000000
000000000000111111100000000000
000000000000111111100000000000
000000000000111111100000000000
000000000000111111100000000000
000000000000111111100000000000
000000000000000000000000000000
000000000000000000000000000000
000000000000000000000000000000
000000000000000000000000000000
000000000000000000000000000000
000000000000000000000000000000

