000111111111111111111111111111
000111111111111111111111111111
000111111111111111111111111111
000111111111111111111111111111
000111111111111111111111111111
000000000000000000001111111111
000000000000000000001111111111
000000000000000000111111111100
000000000000000111111111100000
000000000000000111111111100000
000000000000011111111110000000
000000000000011111111110000000
000000000011111111110000000000
000000001111111111000000000000
000000001111111111000000000000
000001111111111000000000000000
000001111111111000000000000000
000001111111111000000000000000
000111111111100000000000000000
111111111111111111111111111111
111111111111111111111111111111
111111111111111111111111111111
111111111111111111111111111111
111111111111111111111111111111
000000000000000000000000000000
000000000000000000000000000000
000000000000000000000000000000
000000000000000000000000000000
000000000000000000000000000000
000000000000000000000000000000

