111111100000000000000000111111
111111100000000000000000111111
111111111100000000000000111111
111111111100000000000000111111
111111111100000000000000111111
111111111100000000000000111111
111111111111110000000000111111
111111111111110000000000111111
111111111111110000000000111111
111111111111110000000000111111
111111100011111110000000111111
111111100011111110000000111111
111111100011111111110000111111
111111100011111111110000111111
111111100000001111111111111111
111111100000001111111111111111
111111100000001111111111111111
111111100000001111111111111111
111111100000000001111111111111
111111100000000001111111111111
111111100000000000001111111111
111111100000000000001111111111
111111100000000000001111111111
111111100000000000001111111111
000000000000000000000000000000
000000000000000000000000000000
000000000000000000000000000000
000000000000000000000000000000
000000000000000000000000000000
000000000000000000000000000000

