000000000000000000000011111111
000000000000000000000011111111
000000000000000000000011111111
000000000000000000000011111111
000000000000000000000011111111
000000000000000000000011111111
000000000000000000000011111111
000000000111111111110011111111
000111111111111111111111111111
000111111111111111111111111111
000111111110000000001111111111
000111111110000000001111111111
000111111000000000000011111111
111111111000000000000011111111
111111111000000000000011111111
111111111000000000000011111111
111111111000000000000011111111
111111111000000000000011111111
000111111000000000000011111111
000111111110000000001111111111
000111111110000000001111111111
000000111111111111111111111111
000000111111111111111111111111
000000000111111111110011111111
000000000000000000000000000000
000000000000000000000000000000
000000000000000000000000000000
000000000000000000000000000000
000000000000000000000000000000
000000000000000000000000000000

