000000000000000000000000000000
000000000000000000000000000000
000000000000000000000000000000
000000000000000000000000000000
000000000000000000000000000000
000000000000000000000000000000
000000000000000000000000000000
111111001111111000000111111110
111111111111111111111111111111
111111111111111111111111111111
111111110000111111111000011111
111111110000111111111000011111
111111000000001111100000011111
111111000000001111100000011111
111111000000001111100000011111
111111000000001111100000011111
111111000000001111100000011111
111111000000001111100000011111
111111000000001111100000011111
111111000000001111100000011111
111111000000001111100000011111
111111000000001111100000011111
111111000000001111100000011111
111111000000001111100000011111
000000000000000000000000000000
000000000000000000000000000000
000000000000000000000000000000
000000000000000000000000000000
000000000000000000000000000000
000000000000000000000000000000

