000000000000000000000000000000
000000000000000000000000000000
000000000000000000000000000000
000000000000000000000000000000
000000000000000000000000000000
000000000000000000000000000000
000000000000000000000000000000
000000000111111111111100000000
000111111111111111111111100000
000111111111111111111111100000
000111111110000000001111111100
000111111110000000001111111100
111111111000000000000011111100
111111111000000000000011111111
111111111000000000000011111111
111111111000000000000011111111
111111111000000000000011111111
111111111000000000000011111111
111111111000000000000011111100
000111111110000000001111111100
000111111110000000001111111100
000111111111111111111111100000
000111111111111111111111100000
000000000111111111111100000000
000000000000000000000000000000
000000000000000000000000000000
000000000000000000000000000000
000000000000000000000000000000
000000000000000000000000000000
000000000000000000000000000000

