000000000000000000000000000000
000000000000000000000000000000
000000000000000000000000000000
000000000000000000000000000000
000000000000000000000000000000
000000000000000000000000000000
000000000000000000000000000000
111111111100000000000000111111
111111111100000000000000111111
111111111100000000000000111111
111111111100000000000000111111
111111111100000000000000111111
111111111100000000000000111111
111111111100000000000000111111
111111111100000000000000111111
111111111100000000000000111111
111111111100000000000000111111
111111111100000000000000111111
111111111100000000001111111111
111111111100000000001111111111
111111111100000000001111111111
111111111111111111111111111111
111111111111111111111111111111
000011111111111110000000111111
000000000000000000000000000000
000000000000000000000000000000
000000000000000000000000000000
000000000000000000000000000000
000000000000000000000000000000
000000000000000000000000000000

