000000000000000000000000000000
000000000000000000000000000000
000000000000000000000000000000
000000000000000000000000000000
000000000000000000000000000000
000000000000000000000000000000
000000000000000000000000000000
111111000000001111100000011111
111111000000111111100000011111
111111000000111111100000011111
001111000000111111100000011111
001111000000111111100000011111
001111110000111111111000011110
001111110000111111111001111110
001111110000111111111001111110
000011110011111001111001111110
000011111111110001111111111000
000011111111110001111111111000
000011111111110001111111111000
000000111111110001111111111000
000000111111110001111111111000
000000111111110000011111100000
000000111111110000011111100000
000000111111000000011111100000
000000000000000000000000000000
000000000000000000000000000000
000000000000000000000000000000
000000000000000000000000000000
000000000000000000000000000000
000000000000000000000000000000

