000000000000000000000000000000
000000000000000000000000000000
000000000000000000000000000000
000000000000000000000000000000
000000000000000000000000000000
000000000000000000000000000000
000000000000000000000000000000
111111111000000000000011111111
111111111000000000001111111100
111111111000000000001111111100
000111111000000000001111111100
000111111000000000001111111100
000111111110000000001111111100
000111111110000001111111100000
000111111110000001111111100000
000000111110000001111111100000
000000111111110001111100000000
000000111111110001111100000000
000000000111111111111100000000
000000000111111111111100000000
000000000111111111111100000000
000000000111111111110000000000
000000000111111111110000000000
000000000001111111110000000000
000000000001111111110000000000
000000000001111111110000000000
000000000111111110000000000000
000111111111111110000000000000
000111111111111110000000000000
000111111111110000000000000000

