000000000000000000000000000000
000000000000000000000000000000
000000000000000000000000000000
000000000000000000000000000000
000000000000000000000000000000
000000000000000000000000000000
000000000000000000000000000000
111111111111111111111111111111
111111111111111111111111111111
111111111111111111111111111111
000000000000001111111111111000
000000000000001111111111111000
000000000000001111111111111000
000000000011111111111111000000
000000000011111111111111000000
000000011111111111110000000000
000011111111111110000000000000
000011111111111110000000000000
000011111111111110000000000000
111111111111110000000000000000
111111111111110000000000000000
111111111111111111111111111111
111111111111111111111111111111
111111111111111111111111111111
000000000000000000000000000000
000000000000000000000000000000
000000000000000000000000000000
000000000000000000000000000000
000000000000000000000000000000
000000000000000000000000000000

