111111100000000000000000111111
111111100000000000000000111111
111111100000000000000000111111
111111100000000000000000111111
111111100000000000000000111111
111111100000000000000000111111
111111100000000000000000111111
111111100000000000000000111111
111111100000000000000000111111
111111100000000000000000111111
111111100000000000000000111111
111111100000000000000000111111
111111100000000000000000111111
111111100000000000000000111111
111111100000000000000000111111
111111100000000000000000111111
111111111100000000000000111111
111111111100000000000000111111
000011111100000000000000111111
000011111100000000000000111111
000011111111111111111111111111
000011111111111111111111111111
000000011111111111111111000000
000000011111111111111111000000
000000000000000000000000000000
000000000000000000000000000000
000000000000000000000000000000
000000000000000000000000000000
000000000000000000000000000000
000000000000000000000000000000

