111100000000111111000000001111
111100000000111111000000001111
111100000000111111000000111111
111100000000111111000000111111
001111000000111111000000111100
001111000000111111000000111100
001111000011111111110000111100
001111000011111111110000111100
001111000011110011110000111100
001111000011110011110000111100
001111000011110011110000111100
001111000011110011110000111100
001111110011000000110011110000
001111110011000000110011110000
000011111111000000111111110000
000011111111000000111111110000
000011111111000000111111110000
000011111111000000111111110000
000011111111000000111111110000
000011111111000000111111110000
000011111100000000001111110000
000011111100000000001111110000
000000111100000000001111000000
000000111100000000001111000000
000000000000000000000000000000
000000000000000000000000000000
000000000000000000000000000000
000000000000000000000000000000
000000000000000000000000000000
000000000000000000000000000000

