111111111000000000000000111111
111111111000000000000000111111
000111111000000000000111111111
000111111000000000000111111111
000000111111000000000111111000
000000111111000000000111111000
000000111111111000111111000000
000000111111111000111111000000
000000000111111111111111000000
000000000111111111111111000000
000000000111111111111000000000
000000000111111111111000000000
000000000000111111111000000000
000000000000111111111000000000
000000000000111111000000000000
000000000000111111000000000000
000000000000111111000000000000
000000000000111111000000000000
000000000000111111000000000000
000000000000111111000000000000
000000000000111111000000000000
000000000000111111000000000000
000000000000111111000000000000
000000000000111111000000000000
000000000000000000000000000000
000000000000000000000000000000
000000000000000000000000000000
000000000000000000000000000000
000000000000000000000000000000
000000000000000000000000000000

