000000000000000000000000000000
000000000000000000000000000000
000000000000000000000000000000
000000000000000000000000000000
000000000000000000000000000000
000000000000000000000000000000
000000001111111111111111111000
000000001111111111111111111000
000011111111111111111111111000
000011111111111111111111111000
000011111111000000011111111111
000011111111000000011111111111
000000000000000111111111111111
000000000000000111111111111111
000011111111111111111111111111
000011111111111111111111111111
111111111111000000011111111111
111111111111000000011111111111
111111111111000000011111111111
111111111111000000011111111111
000011111111111111111111111111
000011111111111111111111111111
000011111111111111100001111111
000011111111111111100001111111
000000000000000000000000000000
000000000000000000000000000000
000000000000000000000000000000
000000000000000000000000000000
000000000000000000000000000000
000000000000000000000000000000

