111111111111000000000000000000
111111111111000000000000000000
111111111111000000000000000000
111111111111000000000000000000
111111111111000000000000000000
111111111111000000000000000000
111111111111111111111111111000
111111111111111111111111111000
111111111111111111111111111111
111111111111111111111111111111
111111111111000000000001111111
111111111111000000000001111111
111111111111000000000001111111
111111111111000000000001111111
111111111111000000000001111111
111111111111000000000001111111
111111111111000000000001111111
111111111111000000000001111111
111111111111000000000001111111
111111111111000000000001111111
111111111111111111111111111111
111111111111111111111111111111
111111111111111111111111111000
111111111111111111111111111000
000000000000000000000000000000
000000000000000000000000000000
000000000000000000000000000000
000000000000000000000000000000
000000000000000000000000000000
000000000000000000000000000000

