000000000000000000000000000000
000000000000000000000000000000
000000000000000000000000000000
000000000000000000000000000000
000000000000000000000000000000
000000000000000000000000000000
000000000111111111111111110000
000000000111111111111111110000
111111111111111111111111111111
111111111111111111111111111111
111111111000000000000011111111
111111111000000000000011111111
111111111000000000000000000000
111111111000000000000000000000
111111111000000000000000000000
111111111000000000000000000000
111111111000000000000000000000
111111111000000000000000000000
111111111000000000000011111111
111111111000000000000011111111
111111111111111111111111111111
111111111111111111111111111111
000000000111111111111111110000
000000000111111111111111110000
000000000000000000000000000000
000000000000000000000000000000
000000000000000000000000000000
000000000000000000000000000000
000000000000000000000000000000
000000000000000000000000000000

