111111111111111111111000000000
111111111111111111111000000000
111111111111111111111111000000
111111111111111111111111000000
111111000000000000111111111000
111111000000000000111111111000
111111000000000000000111111000
111111000000000000000111111000
111111000000000000000111111000
111111000000000000000111111000
111111000000000000000111111111
111111000000000000000111111111
111111000000000000000111111111
111111000000000000000111111111
111111000000000000000111111000
111111000000000000000111111000
111111000000000000000111111000
111111000000000000000111111000
111111000000000000111111111000
111111000000000000111111111000
111111111111111111111111000000
111111111111111111111111000000
111111111111111111111000000000
111111111111111111111000000000
000000000000000000000000000000
000000000000000000000000000000
000000000000000000000000000000
000000000000000000000000000000
000000000000000000000000000000
000000000000000000000000000000

