000000000000000000000000000000
000000000000000000000000000000
000000000000000000000000000000
000000000000000000000000000000
000000000000000000000000000000
000000000000000000000000000000
111110001111111000001111111100
111110001111111000001111111100
111111111111111111111111111111
111111111111111111111111111111
111111110000011111110000011111
111111110000011111110000011111
111110000000011111000000011111
111110000000011111000000011111
111110000000011111000000011111
111110000000011111000000011111
111110000000011111000000011111
111110000000011111000000011111
111110000000011111000000011111
111110000000011111000000011111
111110000000011111000000011111
111110000000011111000000011111
111110000000011111000000011111
111110000000011111000000011111
000000000000000000000000000000
000000000000000000000000000000
000000000000000000000000000000
000000000000000000000000000000
000000000000000000000000000000
000000000000000000000000000000

