000000000000000000000000000000
000000000000000000000000000000
000000000000000000000000000000
000000000000000000000000000000
000000000000000000000000000000
000000000000000000000000000000
111111110000111111111110000000
111111110000111111111110000000
111111111111111111111111111000
111111111111111111111111111000
111111111111000000011111111111
111111111111000000011111111111
111111110000000000000001111111
111111110000000000000001111111
111111110000000000000001111111
111111110000000000000001111111
111111110000000000000001111111
111111110000000000000001111111
111111111111000000011111111111
111111111111000000011111111111
111111111111111111111111111000
111111111111111111111111111000
111111110000111111111110000000
111111110000111111111110000000
111111110000000000000000000000
111111110000000000000000000000
111111110000000000000000000000
111111110000000000000000000000
111111110000000000000000000000
111111110000000000000000000000

