000000000000000000000000000000
000000000000000000000000000000
000000000000000000000000000000
000000000000000000000000000000
000000000000000000000000000000
000000000000000000000000000000
111111110000000000000001111111
111111110000000000000001111111
000011111111000000000001111111
000011111111000000000001111111
000011111111000000011111111000
000011111111000000011111111000
000011111111000000011111111000
000011111111000000011111111000
000000001111111000011111111000
000000001111111000011111111000
000000001111111111111110000000
000000001111111111111110000000
000000001111111111111110000000
000000001111111111111110000000
000000000000111111111110000000
000000000000111111111110000000
000000000000111111100000000000
000000000000111111100000000000
000000000000000000000000000000
000000000000000000000000000000
000000000000000000000000000000
000000000000000000000000000000
000000000000000000000000000000
000000000000000000000000000000

