000000000000000000000000000000
000000000000000000000000000000
000000000000000000000000000000
000000000000000000000000000000
000000000000000000000000000000
000000000000000000000000000000
111110000000011111000000011111
111110000000011111000000011111
111110000000011111000000011111
111110000000011111000000011111
111110000011111111110000011111
111110000011111111110000011111
000111110011111111110001111100
000111110011111111110001111100
000111110011111111110001111100
000111110011111111110001111100
000111111111100000111111111100
000111111111100000111111111100
000001111111100000111111100000
000001111111100000111111100000
000001111111100000111111100000
000001111111100000111111100000
000001111111100000111111100000
000001111111100000111111100000
000000000000000000000000000000
000000000000000000000000000000
000000000000000000000000000000
000000000000000000000000000000
000000000000000000000000000000
000000000000000000000000000000

