000000000000000000000000000000
000000000000000000000000000000
000000000000000000000000000000
000000000000000000000000000000
000000000000000000000000000000
000000000000000000000000000000
111111100000000000001111111111
111111100000000000001111111111
000011111100000000001111111000
000011111100000000001111111000
000011111100000000001111111000
000011111100000000001111111000
000011111100000001111111000000
000011111100000001111111000000
000000011111110001111111000000
000000011111110001111111000000
000000011111110001111111000000
000000011111110001111111000000
000000011111111111110000000000
000000011111111111110000000000
000000000011111111110000000000
000000000011111111110000000000
000000000011111111110000000000
000000000011111111110000000000
000000000011111110000000000000
000000000011111110000000000000
000011111111111110000000000000
000011111111111110000000000000
000011111111110000000000000000
000011111111110000000000000000

