111111111111111111111111111100
111111111111111111111111111100
111111111111111111111111111100
111111111111111111111111111100
111111111111111111111111111100
111111111000000000000000000000
111111111000000000000000000000
111111111000000000000000000000
111111111000000000000000000000
111111111111111111111111111100
111111111111111111111111111100
111111111111111111111111111100
111111111111111111111111111100
111111111111111111111111111100
111111111000000000000000000000
111111111000000000000000000000
111111111000000000000000000000
111111111000000000000000000000
111111111000000000000000000000
111111111111111111111111111111
111111111111111111111111111111
111111111111111111111111111111
111111111111111111111111111111
111111111111111111111111111111
000000000000000000000000000000
000000000000000000000000000000
000000000000000000000000000000
000000000000000000000000000000
000000000000000000000000000000
000000000000000000000000000000

