000000000011111111111110000000
000000000011111111111110000000
000001111111111111111111111100
000001111111111111111111111100
000111111111111111111111111111
111111111100000000000001111111
111111111100000000000001111111
111111110000000000000000011100
111111110000000000000000011100
111110000000000000000000000000
111110000000000000000000000000
111110000000000000000000000000
111110000000000000111111111111
111110000000000000111111111111
111110000000000000111111111111
111111110000000000111111111111
111111110000000000111111111111
000111111100000000000000011111
000111111100000000000000011111
000111111111111111111111111111
000001111111111111111111111100
000001111111111111111111111100
000000000011111111111110000000
000000000011111111111110000000
000000000000000000000000000000
000000000000000000000000000000
000000000000000000000000000000
000000000000000000000000000000
000000000000000000000000000000
000000000000000000000000000000

