111111000000000000000011111111
111111000000000000000011111111
111111000000000000000011111111
111111000000000000000011111111
111111000000000000000011111111
111111000000000000000011111111
111111000000000000000011111111
111111000000000000000011111111
111111000000000000000011111111
111111111111111111111111111111
111111111111111111111111111111
111111111111111111111111111111
111111111111111111111111111111
111111111111111111111111111111
111111000000000000000011111111
111111000000000000000011111111
111111000000000000000011111111
111111000000000000000011111111
111111000000000000000011111111
111111000000000000000011111111
111111000000000000000011111111
111111000000000000000011111111
111111000000000000000011111111
111111000000000000000011111111
000000000000000000000000000000
000000000000000000000000000000
000000000000000000000000000000
000000000000000000000000000000
000000000000000000000000000000
000000000000000000000000000000

