111110000000000000001111111100
111110000000000000001111111100
111110000000000000111111100000
111110000000000000111111100000
111110000000000111111110000000
111110000000011111110000000000
111110000000011111110000000000
111110000011111111000000000000
111110000011111111000000000000
111110001111111111000000000000
111111111111111111000000000000
111111111111111111000000000000
111111111111111111110000000000
111111111111111111110000000000
111111111100011111110000000000
111111110000000111111110000000
111111110000000111111110000000
111110000000000000111111100000
111110000000000000111111100000
111110000000000000111111100000
111110000000000000001111111100
111110000000000000001111111100
111110000000000000001111111111
111110000000000000001111111111
000000000000000000000000000000
000000000000000000000000000000
000000000000000000000000000000
000000000000000000000000000000
000000000000000000000000000000
000000000000000000000000000000

