111111111100000000000111111111
111111111100000000000111111111
111111111100000000000111111111
111111111100000000000111111111
111111111100000000011111111111
111111111111000000011111111111
111111111111000000011111111111
111111111111000000011111111111
111111111111000000011111111111
111111111111000000011000111111
111110000011000001111000111111
111110000011000001111000111111
111110000011110001111000111111
111110000011110001111000111111
111110000011110001111000111111
111110000011111111100000111111
111110000011111111100000111111
111110000011111111100000111111
111110000011111111100000111111
111110000000111111100000111111
111110000000111111100000111111
111110000000111111100000111111
111110000000111111100000001111
111110000000111111100000001111
000000000000000000000000000000
000000000000000000000000000000
000000000000000000000000000000
000000000000000000000000000000
000000000000000000000000000000
000000000000000000000000000000

