111111111000000000000000011111
111111111000000000000000011111
111111111110000000000000011111
111111111110000000000000011111
111111111110000000000000011111
111111111111110000000000011111
111111111111110000000000011111
111111111111111110000000011111
111111111111111110000000011111
111111111111111110000000011111
111111111001111111110000011111
111111111001111111110000011111
111111111000001111110000011111
111111111000001111110000011111
111111111000001111111100011111
111111111000000001111111111111
111111111000000001111111111111
111111111000000001111111111111
111111111000000001111111111111
111111111000000000001111111111
111111111000000000001111111111
111111111000000000001111111111
111111111000000000000011111111
111111111000000000000011111111
000000000000000000000000000000
000000000000000000000000000000
000000000000000000000000000000
000000000000000000000000000000
000000000000000000000000000000
000000000000000000000000000000

