111111111111111111111110000000
111111111111111111111110000000
111111111111111111111111100000
111111111111111111111111100000
111111111111111111111111111100
111111110000000000001111111100
111111110000000000001111111100
111111110000000000000001111100
111111110000000000000001111100
111111110000000000001111111100
111111111111111111111111111100
111111111111111111111111111100
111111111111111111111111100000
111111111111111111111111100000
111111111111111111110000000000
111111110000000111111110000000
111111110000000111111110000000
111111110000000000111111100000
111111110000000000111111100000
111111110000000000001111111100
111111110000000000001111111100
111111110000000000001111111100
111111110000000000000001111111
111111110000000000000001111111
000000000000000000000000000000
000000000000000000000000000000
000000000000000000000000000000
000000000000000000000000000000
000000000000000000000000000000
000000000000000000000000000000

