111111100000000000000000111111
111111100000000000000000111111
111111100000000000000000111111
111111100000000000000000111111
111111100000000000000000111111
111111100000000000000000111111
111111100000000000000000111111
111111100000000000000000111111
111111100000000000000000111111
111111100000000000000000111111
111111111111111111111111111111
111111111111111111111111111111
111111111111111111111111111111
111111111111111111111111111111
111111100000000000000000111111
111111100000000000000000111111
111111100000000000000000111111
111111100000000000000000111111
111111100000000000000000111111
111111100000000000000000111111
111111100000000000000000111111
111111100000000000000000111111
111111100000000000000000111111
111111100000000000000000111111
000000000000000000000000000000
000000000000000000000000000000
000000000000000000000000000000
000000000000000000000000000000
000000000000000000000000000000
000000000000000000000000000000

