000000000111111111111100000000
000000000111111111111100000000
000000111111111111111111100000
000000111111111111111111100000
000111111111111111111111111100
000111111000000000001111111100
000111111000000000001111111100
000111111000000000000011111111
000111111000000000000011111111
000111111111110000000000000000
000000111111111111111100000000
000000111111111111111100000000
000000000111111111111111111100
000000000111111111111111111100
000000000000000000001111111111
111111111000000000000000011111
111111111000000000000000011111
111111111110000000000011111111
111111111110000000000011111111
000111111111111111111111111111
000000111111111111111111111100
000000111111111111111111111100
000000000111111111111111100000
000000000111111111111111100000
000000000000000000000000000000
000000000000000000000000000000
000000000000000000000000000000
000000000000000000000000000000
000000000000000000000000000000
000000000000000000000000000000

