111111111111111111111111111111
111111111111111111111111111111
111111111111111111111111111111
111111111111111111111111111111
111111111111111111111111111111
000000000001111111110000000000
000000000001111111110000000000
000000000001111111110000000000
000000000001111111110000000000
000000000001111111110000000000
000000000001111111110000000000
000000000001111111110000000000
000000000001111111110000000000
000000000001111111110000000000
000000000001111111110000000000
000000000001111111110000000000
000000000001111111110000000000
000000000001111111110000000000
000000000001111111110000000000
000000000001111111110000000000
000000000001111111110000000000
000000000001111111110000000000
000000000001111111110000000000
000000000001111111110000000000
000000000000000000000000000000
000000000000000000000000000000
000000000000000000000000000000
000000000000000000000000000000
000000000000000000000000000000
000000000000000000000000000000

