111110000000001111100000011111
111110000000001111100000011111
001110000000111111100000011111
001110000000111111100000011111
001111100000111111100000011111
001111100000111111110000011110
001111100000111111110000011110
001111100000111001110000011110
001111100000111001110000011110
000011100011111001110000111110
000011100011110001110000111110
000011100011110001110000111110
000011111011110001111100111000
000011111011110001111100111000
000011111111110000011100111000
000011111111110000011111111000
000011111111110000011111111000
000001111111000000011111111000
000001111111000000011111111000
000001111111000000011111100000
000001111111000000001111100000
000001111111000000001111100000
000001111111000000001111100000
000001111111000000001111100000
000000000000000000000000000000
000000000000000000000000000000
000000000000000000000000000000
000000000000000000000000000000
000000000000000000000000000000
000000000000000000000000000000

