000111111100000000000001111111
000111111100000000000001111111
000111111100000000001111111100
000111111100000000001111111100
000001111111100000111111100000
000000001111111000111111100000
000000001111111000111111100000
000000001111111111111110000000
000000001111111111111110000000
000000000011111111110000000000
000000000000011111110000000000
000000000000011111110000000000
000000000011111111110000000000
000000000011111111110000000000
000000001111111111111110000000
000000001111111111111111100000
000000001111111111111111100000
000001111111100000111111100000
000001111111100000111111100000
000001111111100000001111111100
000111111100000000001111111100
000111111100000000001111111100
111111110000000000000001111111
111111110000000000000001111111
000000000000000000000000000000
000000000000000000000000000000
000000000000000000000000000000
000000000000000000000000000000
000000000000000000000000000000
000000000000000000000000000000

