000111111111111111111111111111
000111111111111111111111111111
000111111111111111111111111111
000111111111111111111111111111
000111111111111111111111111111
000000000000000000001111111100
000000000000000000001111111100
000000000000000001111111100000
000000000000000001111111100000
000000000000001111111100000000
000000000001111111111100000000
000000000001111111111100000000
000000000111111111110000000000
000000000111111111110000000000
000000111111111110000000000000
000111111111110000000000000000
000111111111110000000000000000
111111111110000000000000000000
111111111110000000000000000000
111111111111111111111111111111
111111111111111111111111111111
111111111111111111111111111111
111111111111111111111111111111
111111111111111111111111111111
000000000000000000000000000000
000000000000000000000000000000
000000000000000000000000000000
000000000000000000000000000000
000000000000000000000000000000
000000000000000000000000000000

