111111100000000000000000000000
111111100000000000000000000000
111111100000000000000000000000
111111100000000000000000000000
111111100000000000000000000000
111111100000000001111111111000
111111100000000001111111111000
111111100000000001111111000000
111111100000000001111111000000
111111100000001111111111000000
111111111111111111110000000000
111111111111111111110000000000
111111111111111111110000000000
111111111111111111110000000000
111111111111111111110000000000
111111111100001111111111000000
111111111100001111111111000000
111111100000000001111111000000
111111100000000001111111000000
111111100000000001111111111000
111111100000000000001111111000
111111100000000000001111111000
111111100000000000001111111111
111111100000000000001111111111
000000000000000000000000000000
000000000000000000000000000000
000000000000000000000000000000
000000000000000000000000000000
000000000000000000000000000000
000000000000000000000000000000

