000000000000000000000000000000
000000000000000000000000000000
000000000000000000000000000000
000000000000000000000000000000
000000000000000000000000000000
111111001111110000001111110000
111111001111110000001111110000
111111111111111111111111111100
111111111111111111111111111100
111111000000111111000000111100
111111000000111111000000111100
111111000000111111000000111100
111111000000111111000000111111
111111000000111111000000111111
111111000000111111000000111111
111111000000111111000000111111
111111000000111111000000111111
111111000000111111000000111111
111111000000111111000000111111
111111000000111111000000111111
111111000000111111000000111111
111111000000111111000000111111
111111000000111111000000111111
111111000000111111000000111111
000000000000000000000000000000
000000000000000000000000000000
000000000000000000000000000000
000000000000000000000000000000
000000000000000000000000000000
000000000000000000000000000000

