000000000000000000000000000000
000000000000000000000000000000
000000000000000000000000000000
000000000000000000000000000000
000000000000000000000000000000
111111111100001111111111000000
111111111100001111111111000000
111111111111111111111111111000
111111111111111111111111111000
111111111100000000001111111111
111111111100000000000000111111
111111111100000000000000111111
111111100000000000000000111111
111111100000000000000000111111
111111100000000000000000111111
111111111100000000000000111111
111111111100000000000000111111
111111111100000000000000111111
111111111100000000000000111111
111111111100000000001111111111
111111111111111111111111111000
111111111111111111111111111000
111111111100001111111111000000
111111111100001111111111000000
111111111100000000000000000000
111111111100000000000000000000
111111111100000000000000000000
111111111100000000000000000000
111111111100000000000000000000
111111111100000000000000000000

