000000000000000000000000000000
000000000000000000000000000000
000000000000000000000000000000
000000000000000000000000000000
000000000000000000000000000000
111111110000000000000001111111
111111110000000000000001111111
111111110000000000000001111111
111111110000000000000001111111
111111110000000000000001111111
111111110000000000000001111111
111111110000000000000001111111
111111110000000000000001111111
111111110000000000000001111111
111111110000000000000001111111
111111110000000000000001111111
111111110000000000000001111111
111111110000000000000001111111
111111110000000000000001111111
111111111111000000011111111111
111111111111111111111111111111
111111111111111111111111111111
000011111111111111100001111111
000011111111111111100001111111
000000000000000000000000000000
000000000000000000000000000000
000000000000000000000000000000
000000000000000000000000000000
000000000000000000000000000000
000000000000000000000000000000

